111.292	0
227.462	269
227.668	8461
227.728	14480
333.652	15928
333.737	17376
333.807	25568
333.855	27512
333.882	28960
333.947	31856
438.329	34752
438.507	41992
438.583	43440
438.641	46336
438.680	47784
438.730	49232
543.795	52128
543.905	53576
543.934	56472
544.053	57920
547.501	60816
547.549	62264
547.604	63712
547.692	65160
547.762	66608
547.827	68056
547.908	69504
547.968	70952
554.680	72400
554.811	75296
649.149	78192
649.341	79640
652.143	81088
652.187	82536
652.253	83984
652.393	86880
652.544	89776
652.665	92672
658.647	94120
658.686	95568
658.754	97016
658.807	98464
658.858	99912
658.939	101360
658.986	102808
659.050	104256
659.115	105704
659.205	107152
666.629	111496
753.933	114392
754.056	115840
757.062	121632
757.302	123080
763.963	124528
764.042	127424
764.100	128872
764.129	130320
764.274	131768
764.314	133216
764.374	134664
764.456	136112
764.523	137560
764.607	139008
764.690	140456
764.752	141904
772.742	143352
773.039	151544
773.175	157832
858.856	160728
859.066	166520
871.324	169416
871.483	173760
873.055	176656
873.323	181000
873.458	183896
873.573	185344
878.020	186792
878.109	189203
