104.671	0
220.425	269
220.641	4344
221.101	7240
221.180	14480
326.197	18824
326.403	21720
329.455	24616
329.586	28960
329.707	33304
329.744	34752
431.118	36200
431.204	40544
431.257	41992
431.290	43440
431.362	44888
439.453	50680
439.654	53576
439.767	57920
439.836	59368
536.521	66608
536.678	70952
536.720	72400
536.782	73848
548.251	76744
548.353	78192
548.439	79640
548.477	81088
548.548	82536
649.878	89776
650.223	97016
650.711	102808
650.900	111000
650.949	112944
755.440	115840
755.562	120184
755.615	123080
755.642	124528
755.690	125976
755.782	127424
755.828	128872
762.787	130320
762.905	136112
762.989	139008
763.005	140456
763.073	141904
763.096	143352
763.161	144800
763.198	146248
860.280	149144
860.386	152040
860.415	153488
860.483	154936
860.578	156384
860.614	157832
861.765	159280
861.813	160728
861.851	162176
861.913	163624
862.004	165072
862.041	166520
871.230	173760
871.397	176656
871.431	178104
877.878	185344
881.576	186792
881.745	189203
