100.378	0
208.589	269
208.905	8461
208.996	14480
307.033	17376
307.137	20272
307.230	23168
307.274	24616
307.370	26064
307.435	27512
307.472	28960
307.538	30408
307.621	31856
406.590	40048
406.801	40544
409.611	43440
409.780	44888
411.647	47784
411.744	49232
411.862	52128
411.968	55024
504.697	57920
504.834	59368
508.245	65160
508.369	68056
508.432	70952
514.113	76744
514.304	79640
514.333	82536
514.383	83984
604.557	85432
604.641	92672
606.999	94120
607.070	95568
609.286	97016
609.309	98464
609.383	99912
611.990	101360
612.061	102808
612.108	104256
612.245	107152
612.322	108600
612.339	110048
612.394	111496
612.506	112944
612.529	114392
613.071	115840
613.128	117288
705.515	123080
705.654	125976
705.717	127424
707.508	130320
707.533	134664
711.801	141904
711.903	144800
711.924	146248
711.984	147696
718.690	153488
718.784	157832
724.312	160728
807.121	163624
807.238	165072
807.337	167968
808.757	170864
808.838	172312
808.866	173760
808.921	175208
808.975	176656
809.236	178104
809.264	181000
809.361	182448
815.565	185344
815.774	188240
818.332	189203
