100.166	0
217.978	269
218.234	8461
218.307	14480
316.659	22672
316.883	26064
316.924	30408
316.992	31856
420.923	33304
421.050	36200
421.128	39096
421.183	43440
424.946	51632
425.076	55024
522.018	57920
522.161	60816
522.237	62264
523.278	70456
523.331	72400
528.752	73848
529.447	76744
529.608	82536
529.936	83984
623.057	86880
623.159	89776
623.267	92672
630.554	94120
631.066	95568
631.687	97016
632.344	98464
632.983	99912
636.034	107152
636.286	114392
725.609	115840
727.241	117288
727.349	125480
727.455	130320
736.173	133216
736.303	134664
737.256	136112
743.841	137560
743.894	139008
743.928	140456
743.989	141904
744.224	143352
744.256	146248
744.297	147696
746.262	150592
746.456	153488
746.506	156384
746.548	157832
746.580	159280
746.656	160728
746.724	162176
746.840	163624
746.919	165072
828.026	167968
828.197	170864
836.141	173760
836.270	176656
836.357	179552
836.455	181000
836.521	182448
836.573	183896
836.633	185344
836.691	186792
836.938	188240
845.783	189203
