106.391	0
235.668	269
235.960	8461
236.038	14480
335.603	22672
335.894	30864
335.986	31856
433.893	34752
434.095	39096
434.304	44888
434.419	47784
434.486	49232
532.690	52128
532.908	57920
537.004	65160
537.260	68056
537.343	69504
543.597	70952
543.794	76744
630.987	79640
631.097	81088
636.734	82536
637.052	90728
637.212	92672
642.655	99912
642.917	104256
642.967	105704
649.553	110048
649.632	112944
729.400	117288
734.922	125480
735.270	131768
735.725	133216
742.922	140456
743.058	146248
743.109	147696
759.081	150592
759.239	153488
760.074	156384
827.642	159280
827.702	162176
827.753	165072
833.858	170864
833.932	172312
836.675	173760
836.712	176656
836.746	178104
841.438	181000
841.513	182448
841.556	183896
841.619	185344
841.695	186792
841.763	188240
846.256	189203
