100.977	0
211.254	269
211.504	8461
211.588	14480
311.445	17376
311.535	20272
311.559	23168
311.681	24616
311.721	26064
311.780	27512
311.866	28960
311.908	30408
312.091	31856
412.468	33304
412.535	34752
412.596	37648
412.672	39096
413.550	40544
414.542	41992
414.627	43440
414.690	44888
414.748	46336
414.799	47784
414.878	49232
414.932	50680
414.997	52128
415.072	53576
415.128	55024
514.921	57920
516.291	60816
516.384	63712
516.487	66608
517.029	69504
517.083	70952
517.138	72400
517.231	73848
517.304	75296
517.352	76744
517.427	78192
517.487	79640
517.542	81088
518.107	82536
613.687	89776
616.886	92672
616.971	94120
619.280	95568
619.403	101360
619.445	104256
619.485	105704
619.528	107152
625.695	114392
625.770	115840
625.837	117288
625.874	118736
625.888	120184
625.927	121632
626.014	123080
626.685	124528
715.334	130320
715.461	133216
715.520	134664
715.582	136112
715.631	137560
715.675	139008
723.162	146248
723.398	150592
723.450	153488
723.504	154936
723.555	156384
724.037	157832
732.301	166024
732.551	172312
733.035	175208
733.068	176656
733.147	178104
733.211	179552
818.355	182448
818.605	188240
822.784	189203
