106.404	0
220.674	269
220.902	8461
220.972	13032
221.016	14480
325.693	15928
326.806	18824
326.879	24616
326.920	28960
430.683	31856
431.850	34752
431.916	36200
441.499	40544
441.687	44888
441.770	46336
441.882	47784
542.245	55024
542.445	57920
542.587	59368
542.679	60816
542.764	65160
546.675	68056
546.876	69504
646.878	72400
647.062	80592
647.171	81088
647.189	83984
656.578	86880
656.669	88328
656.711	89776
656.798	91224
656.844	92672
656.917	94120
657.021	95568
657.086	97016
657.152	98464
657.409	99912
657.438	101360
751.753	108600
752.007	111496
752.069	112944
761.851	117288
762.029	123080
762.171	127424
769.774	134664
769.973	137560
770.087	140456
770.211	143352
770.741	144800
856.634	146248
856.802	150592
856.925	153488
857.047	154936
866.572	162176
866.824	166520
874.640	169416
874.808	175208
874.939	179552
874.998	181000
875.655	182448
875.761	185344
875.923	186792
875.972	188240
885.547	189203
