109.698	0
224.552	232
224.733	5792
225.436	8688
225.472	10136
225.536	11584
225.580	13032
225.660	14480
329.709	17376
329.766	20272
329.788	23168
340.319	26064
340.388	27512
340.428	28960
340.489	30408
340.536	31856
340.581	33304
340.641	34752
442.306	39096
442.389	40544
442.420	41992
442.497	43440
442.532	44888
442.585	46336
445.378	47784
445.409	49232
445.452	50680
445.544	52128
445.568	53576
445.630	55024
445.754	56472
445.771	57920
445.840	59368
445.892	60816
546.406	63712
546.474	66608
546.567	68056
546.610	69504
546.669	70952
546.745	72400
546.803	73848
546.868	75296
556.490	81088
556.648	89280
556.700	91224
652.911	92672
653.004	94120
653.106	95568
653.161	97016
653.268	98464
653.904	99912
654.929	101360
655.003	105704
655.081	110048
655.128	111496
655.238	112944
668.407	117288
668.621	120184
668.699	121632
668.820	123080
668.925	124528
669.026	125976
669.161	127424
669.373	128872
669.407	130320
669.488	131768
758.234	133216
758.276	136112
759.456	137560
761.798	140456
761.902	143352
769.467	146248
769.606	149144
769.652	152040
769.751	153488
769.826	154936
769.874	156384
770.951	157832
771.030	159280
771.055	160728
774.441	163624
774.531	165072
775.857	167968
775.938	169416
776.020	170864
779.088	176656
779.179	179552
779.269	181000
784.469	182448
784.519	183896
784.537	185344
863.315	188240
870.360	189166
