101.773	0
213.883	269
214.170	4344
216.175	7240
216.331	11584
217.133	14480
325.183	15928
325.849	17376
326.476	18824
327.016	20272
327.665	21720
328.451	23168
329.075	24616
329.833	26064
330.531	27512
331.180	28960
331.864	30408
332.561	31856
333.102	33304
333.718	34752
432.432	37648
432.537	39096
432.552	40544
432.627	41992
432.665	43440
432.720	44888
432.792	46336
434.023	49232
434.063	50680
440.165	52128
440.210	53576
440.259	55024
440.301	56472
440.393	57920
440.442	59368
440.508	60816
531.539	63712
531.617	65160
531.670	66608
531.706	68056
531.792	69504
531.835	70952
531.930	72400
532.043	73848
532.069	75296
539.593	81088
539.727	83984
629.612	91224
629.871	95568
630.017	98464
638.059	101360
638.292	107152
638.372	111496
644.706	118736
644.879	121632
644.995	124528
727.974	127424
728.064	128872
736.420	130320
736.472	133216
736.513	134664
736.557	136112
736.627	137560
736.698	139008
736.772	140456
736.831	141904
736.891	143352
737.403	144800
737.455	146248
746.969	149144
747.030	150592
747.072	152040
747.138	153488
747.208	154936
747.284	156384
747.364	157832
747.431	159280
747.520	160728
747.587	162176
747.658	163624
828.661	169416
828.886	172312
829.002	175208
829.064	176656
829.234	179552
829.291	181000
836.010	183896
836.383	188240
839.613	189203
