104.217	0
231.026	269
231.304	8461
231.392	13032
231.463	14480
336.699	21720
336.831	26064
336.857	27512
337.916	28960
445.492	31856
445.656	36200
445.864	39096
445.955	40544
445.976	41992
446.005	43440
450.730	49232
450.895	53576
553.287	56472
553.348	57920
553.387	59368
553.434	60816
553.919	63712
553.959	66608
558.534	69504
558.641	72400
561.553	76744
661.647	82536
661.834	86880
662.030	91224
665.554	94120
665.692	98464
665.823	101360
665.886	104256
672.670	107152
672.757	108600
674.706	111496
674.788	114392
674.860	115840
674.903	117288
766.757	120184
766.916	124528
770.681	131768
770.861	137560
770.918	139008
771.532	141904
771.594	143352
779.644	146248
779.761	149144
779.795	152040
779.823	153488
779.886	154936
779.962	156384
780.051	157832
780.102	159280
780.640	160728
795.187	168920
795.388	173760
871.352	176656
871.505	179552
875.248	182448
875.326	183896
875.344	185344
875.384	186792
875.445	188240
880.389	189203
